2.391
0.391
3.438
12
0.266
10.328
0.203
8.391
17.578
0.5
4.859
3.922
18.875
19.375
0.328
0.234
1.203
0.969
0.203
14.625
0.703
10.094
0.187
0.188
0.578
0.406
1.11
0.203
0.219
0.438
1.438
0.422
0.359
0.344
0.719
0.187
0.313
0.266
17.328
0.265
0.485
0.797
0.188
0.281
1.313
6.016
4.86
3.094
0.266
0.125
4.156
0.625
0.375
10
0.656
0.281
15.328
0.25
1.891
0.141
0.156
0.375
1.015
1.688
0.218
0.219
1.094
0.64
14.593
0.344
15.578
0.703
16.296
18.469
22.75
42.031
46.563
0.281
0.781
17.094
10.672
0.235
13.828
16.625
0.312
1.453
0.516
1.343
0.172
0.422
0.203
0.734
15.312
0.359
0.875
0.234
0.391
18.407
7.203
0.297
14.563
0.203
0.156
17.219
0.25
0.312
0.656
0.891
0.328
0.219
15.782
18.562
0.656
15.657
0.157
18.468
0.234
14.094
20.938
0.265
0.203
0.922
0.234
0.265
0.203
0.265
5.5
0.281
0.141
0.532
0.297
0.312
0.297
0.203
15.125
5.093
4.266
2.875
1.657
2.015
0.344
1.187
1.828
6.75
18.047
5.906
14.969
11.547
3.109
16.297
18.391
11.422
19.265
0.985
6.125
7.578
0.218
11.672
19.063
13.718
6.688
12.391
17.062
7.156
18.297
12.297
15.828
17.844
18.109
16.359
11.609
17.36
17.641
18.781
2.86
9.843
14.125
10.578
2.265
15.812
6.813
11.734
17.797
10.547
5.937
3.766
15.594
3.656
21.344
16.484
3.172
0.203
11.719
18.922
10.109
18.218
15.625
16.453
4.422
2.656
1.797
0.266
4.516
10.594
0.172
4.282
2.203
1.125
1
11.36
4.672
6.328
0.844
3.704
7.203
14.156
1.875
5.531
11.329
17.266
14.813
12.969
2.766
3.407
10.328
7.203
1.078
9.89
11.797
5.203
5.391
16.407
11.094
3.875
5.735
9.406
12.312
3.328
3
11.125
6.953
5.469
4.359
2.109
11.422
6.843
1.875
1.61
3.422
8.203
1.703
1.5
0.438
0.531
3.156
1.984
14.781
15.734
15.297
6.875
6.219
11.344
17.766
18.078
15.078
4.062
18.797
14.532
5.172
17.531
20.656
6.204
16.641
2.625
14.891
15.797
4.797
7.859
12.359
7.156
18.235
12.047
8.859
16.578
16.5
10.359
17.078
21.25
18.859
19.735
18.39
18.547
93.032
14.562
17.968
7.391
12.234
16.172
17.313
16.203
18.234
6.296
18.656
18.469
9.781
8.875
1.313
0.531
2.484
13.563
11.234
4.218
1.625
0.969
3.141
1.031
1.468
6.015
2.594
1.11
6.438
2.703
6.625
11.609
6.281
1.907
10.703
13.266
9.391
10.906
16.703
21.375
0.422
12.969
8.937
17.453
2.75
13.125
15.985
2.843
5.688
6.547
14.188
11.094
18.485
20.219
22.578
2.937
11.187
15.328
7.625
16.688
17.86
0.484
0.547
0.687
3.563
0.125
0.078
0.11
0.578
0.547
13.39
15.141
5.125
19.969
3.828
14.578
14.593
8.141
18.312
13.813
6.844
1.562
2.156
1.437
4.297
4.812
15.516
16.469
18.328
0.422
12.266
4.547
8.875
3.859
1.734
14.485
2.047
18.86
12.437
10.297
13.782
11.516
1.063
14.938
3.484
11.156
7.968
15.453
8.265
16.812
4.953
11.312
6.687
6.031
1.11
20.109
15.125
1.515
10.515
3.438
3.829
14.297
13.719
13.266
1.109
5.235
10.703
19.297
11.75
5.282
0.391
1.922
0.375
0.875
1.203
1.015
13.5
15.359
5.5
15.953
2.125
19.578
9.047
14.985
4.203
14.016
25.141
14.172
18.281
2.297
2.719
15.766
1.782
2.312
0.531
1.797
0.39
3.625
1.922
0.672
6
1.859
1.344
0.406
1.281
2.313
2.343
0.391
0.984
1.578
2.032
2.594
0.625
2.141
1.797
15.672
3.172
1.547
0.39
16.313
7.735
1.812
6.188
2.828
3.484
1.578
1.937
1.766
3.093
2.64
2.5
7.203
29.875
0.61
2.875
14.969
11.687
2.875
25.531
0.671
0.36
0.313
2.125
1.937
4.578
33.359
0.859
0.657
8.953
3.828
0.766
4.922
0.609
7.125
8.297
0.547
15.844
11.36
0.766
4.079
1.078
1.125
3.672
0.015
0.469
0.375
0.344
0.328
0.579
0.203
0.281
1.562
1.203
0.422
0.703
0.86
20.719
0.688
0.359
0.329
0.359
0.375
0.328
0.344
1.204
0.469
4.531
34.093
13.781
1.047
0.171
0.578
0.219
0.687
0.266
0.203
0.141
2.516
20.813
14.546
10.579
0.344
3.407
0.125
0.125
6.266
0.953
6.813
0.204
1.265
2.344
1.547
1.579
20.25
1.578
0.547
5.438
17.219
5.657
10.906
10.047
0.25
12.547
9.453
14
11.141
1.765
4.641
0.781
1.406
1.234
2.031
2.156
0.828
0.5
3.438
1.078
0.563
0.766
0.594
1.078
0.328
0.547
2.313
1.39
1.61
2.656
5.469
2.297
1.781
2.875
3.203
1.5
1.859
5.375
0.015
0.015
2.766
0.891
4.329
1.14
4.735
2.953
0.86
1.328
4.016
7.765
5.469
0.437
1.609
11.969
20.109
3.235
2.39
2.39
2.656
0.656
1.344
0.594
1.313
